2019_12_4_15_18_21_994.jpg 2 10 1 9 63 1 2 63 10 4 64 24
2019_12_4_15_18_24_655.jpg 2 10 1 9 63 1 2 63 10 4 64 24
2019_12_4_15_18_26_393.jpg 2 10 1 9 63 1 2 63 10 4 64 24
2019_12_4_15_18_27_946.jpg 2 10 1 9 63 1 2 63 10 4 64 24
2019_12_4_15_18_30_26.jpg 2 10 1 9 63 1 2 63 10 4 64 24
2019_12_4_15_18_31_661.jpg 2 10 1 9 63 1 2 63 10 4 64 24
2019_12_4_15_18_33_617.jpg 2 10 1 9 63 1 2 63 10 4 64 24
2019_12_4_15_18_35_369.jpg 2 10 1 9 63 1 2 63 10 4 64 24
2019_12_4_15_18_37_193.jpg 2 10 1 9 63 1 2 63 10 4 64 24
2019_12_4_15_18_37_211.jpg 2 10 1 9 63 1 2 63 10 4 64 24
2019_12_4_15_18_39_677.jpg 2 10 1 9 63 1 2 63 10 4 64 24